# HEADER
# ======
# label             si-id-apu22-ffwd-09sa
# harmonics         0 1 2 3
# main_harmonic     0 normal
# rescaling_factor  1.0
# units             mm  A A  A A  A A  A A

# CORRECTOR FEEDFORWARD TABLE
# ===========================
# Phase[mm] CH-1[A]       CV-1[A]        CH-2[A]       CV-2[A]        CH-3[A]       CV-3[A]        CH-4[A]       CV-4[A]
+0000.00    +0.000000e+00 +0.000000e+00  +0.000000e+00 +0.000000e+00  +0.000000e+00 +0.000000e+00  +0.000000e+00 +0.000000e+00
+0000.50    +0.000000e+00 +0.000000e+00  +0.000000e+00 +0.000000e+00  +0.000000e+00 +0.000000e+00  +0.000000e+00 +0.000000e+00
+0001.00    +0.000000e+00 +0.000000e+00  +0.000000e+00 +0.000000e+00  +0.000000e+00 +0.000000e+00  +0.000000e+00 +0.000000e+00
+0001.50    +0.000000e+00 +0.000000e+00  +0.000000e+00 +0.000000e+00  +0.000000e+00 +0.000000e+00  +0.000000e+00 +0.000000e+00
+0002.00    +0.000000e+00 +0.000000e+00  +0.000000e+00 +0.000000e+00  +0.000000e+00 +0.000000e+00  +0.000000e+00 +0.000000e+00
+0002.50    +0.000000e+00 +0.000000e+00  +0.000000e+00 +0.000000e+00  +0.000000e+00 +0.000000e+00  +0.000000e+00 +0.000000e+00
+0003.00    +0.000000e+00 +0.000000e+00  +0.000000e+00 +0.000000e+00  +0.000000e+00 +0.000000e+00  +0.000000e+00 +0.000000e+00
+0003.50    +0.000000e+00 +0.000000e+00  +0.000000e+00 +0.000000e+00  +0.000000e+00 +0.000000e+00  +0.000000e+00 +0.000000e+00
+0004.00    +0.000000e+00 +0.000000e+00  +0.000000e+00 +0.000000e+00  +0.000000e+00 +0.000000e+00  +0.000000e+00 +0.000000e+00
+0004.50    +0.000000e+00 +0.000000e+00  +0.000000e+00 +0.000000e+00  +0.000000e+00 +0.000000e+00  +0.000000e+00 +0.000000e+00
+0005.00    +0.000000e+00 +0.000000e+00  +0.000000e+00 +0.000000e+00  +0.000000e+00 +0.000000e+00  +0.000000e+00 +0.000000e+00
+0005.50    +0.000000e+00 +0.000000e+00  +0.000000e+00 +0.000000e+00  +0.000000e+00 +0.000000e+00  +0.000000e+00 +0.000000e+00
+0006.00    +0.000000e+00 +0.000000e+00  +0.000000e+00 +0.000000e+00  +0.000000e+00 +0.000000e+00  +0.000000e+00 +0.000000e+00
+0006.50    +0.000000e+00 +0.000000e+00  +0.000000e+00 +0.000000e+00  +0.000000e+00 +0.000000e+00  +0.000000e+00 +0.000000e+00
+0007.00    +0.000000e+00 +0.000000e+00  +0.000000e+00 +0.000000e+00  +0.000000e+00 +0.000000e+00  +0.000000e+00 +0.000000e+00
+0007.50    +0.000000e+00 +0.000000e+00  +0.000000e+00 +0.000000e+00  +0.000000e+00 +0.000000e+00  +0.000000e+00 +0.000000e+00
+0008.00    +0.000000e+00 +0.000000e+00  +0.000000e+00 +0.000000e+00  +0.000000e+00 +0.000000e+00  +0.000000e+00 +0.000000e+00
+0008.50    +0.000000e+00 +0.000000e+00  +0.000000e+00 +0.000000e+00  +0.000000e+00 +0.000000e+00  +0.000000e+00 +0.000000e+00
+0009.00    +0.000000e+00 +0.000000e+00  +0.000000e+00 +0.000000e+00  +0.000000e+00 +0.000000e+00  +0.000000e+00 +0.000000e+00
+0009.50    +0.000000e+00 +0.000000e+00  +0.000000e+00 +0.000000e+00  +0.000000e+00 +0.000000e+00  +0.000000e+00 +0.000000e+00
+0010.00    +0.000000e+00 +0.000000e+00  +0.000000e+00 +0.000000e+00  +0.000000e+00 +0.000000e+00  +0.000000e+00 +0.000000e+00
+0010.50    +0.000000e+00 +0.000000e+00  +0.000000e+00 +0.000000e+00  +0.000000e+00 +0.000000e+00  +0.000000e+00 +0.000000e+00
+0011.00    +0.000000e+00 +0.000000e+00  +0.000000e+00 +0.000000e+00  +0.000000e+00 +0.000000e+00  +0.000000e+00 +0.000000e+00

# COMMENTS
# ========
#
# 1. This table contains correctors feedforward current values that depend on the APU phase
#
# 2. !!! This table should be updated with beam-based measurements !!!
