# 2024 Machine Schedule - User Operation Shifts
#
# User Operation Shifts are defined with tags like the following examples:
#     1) 08h15-B-100.0: Beginning at 8h15, with initial current 100.0 mA
#     2) 20h00-E: End at 20h00


# month  day    tags [timestamp flag - HHhMM-B-CCC.C/HHhMM-E]
      1    1
      1    2
      1    3
      1    4
      1    5    08h00-B-100.0
      1    6
      1    7    08h00-E
      1    8
      1    9    08h00-B-100.0
      1   10
      1   11
      1   12
      1   13
      1   14    08h00-E
      1   15
      1   16
      1   17    08h00-B-100.0
      1   18
      1   19
      1   20
      1   21    08h00-E
      1   22
      1   23
      1   24    08h00-B-100.0
      1   25
      1   26
      1   27
      1   28    08h00-E
      1   29
      1   30    08h00-B-100.0
      1   31
      2    1
      2    2
      2    3
      2    4    08h00-E
      2    5
      2    6
      2    7    08h00-B-100.0
      2    8
      2    9
      2   10
      2   11    08h00-E
      2   12
      2   13
      2   14
      2   15    08h00-B-100.0
      2   16
      2   17
      2   18    08h00-E
      2   19
      2   20
      2   21    08h00-B-100.0
      2   22
      2   23
      2   24
      2   25    08h00-E
      2   26
      2   27    08h00-B-100.0
      2   28
      2   29
      3    1
      3    2
      3    3    08h00-E
      3    4
      3    5    08h00-B-100.0
      3    6
      3    7
      3    8
      3    9
      3   10    08h00-E
      3   11
      3   12
      3   13    08h00-B-100.0
      3   14
      3   15
      3   16
      3   17    08h00-E
      3   18
      3   19
      3   20    08h00-B-100.0
      3   21
      3   22
      3   23
      3   24    08h00-E
      3   25
      3   26    08h00-B-100.0
      3   27
      3   28
      3   29
      3   30
      3   31    08h00-E
      4    1
      4    2    08h00-B-100.0
      4    3
      4    4
      4    5
      4    6
      4    7    08h00-E
      4    8
      4    9
      4   10    08h00-B-100.0
      4   11
      4   12
      4   13
      4   14    08h00-E
      4   15
      4   16
      4   17    08h00-B-100.0
      4   18
      4   19
      4   20
      4   21    08h00-E
      4   22
      4   23    08h00-B-100.0
      4   24
      4   25
      4   26
      4   27
      4   28    08h00-E
      4   29
      4   30    08h00-B-100.0
      5    1
      5    2
      5    3
      5    4
      5    5    08h00-E
      5    6
      5    7    08h00-B-100.0
      5    8
      5    9
      5   10
      5   11
      5   12    08h00-E
      5   13
      5   14
      5   15    08h00-B-100.0
      5   16
      5   17
      5   18
      5   19    08h00-E
      5   20
      5   21
      5   22    08h00-B-100.0
      5   23
      5   24
      5   25
      5   26    08h00-E
      5   27
      5   28    08h00-B-100.0
      5   29
      5   30
      5   31
      6    1
      6    2    08h00-E
      6    3
      6    4    08h00-B-100.0
      6    5
      6    6
      6    7
      6    8
      6    9    08h00-E
      6   10
      6   11
      6   12    08h00-B-100.0
      6   13
      6   14
      6   15
      6   16    08h00-E
      6   17
      6   18
      6   19    08h00-B-100.0
      6   20
      6   21
      6   22
      6   23    08h00-E
      6   24
      6   25    08h00-B-100.0
      6   26
      6   27
      6   28
      6   29
      6   30    08h00-E
      7    1
      7    2    08h00-B-100.0
      7    3
      7    4
      7    5
      7    6
      7    7    08h00-E
      7    8
      7    9
      7   10    08h00-B-100.0
      7   11
      7   12
      7   13
      7   14    08h00-E
      7   15
      7   16
      7   17    08h00-B-100.0
      7   18
      7   19
      7   20
      7   21    08h00-E
      7   22
      7   23    08h00-B-100.0
      7   24
      7   25
      7   26
      7   27
      7   28    08h00-E
      7   29
      7   30
      7   31
      8    1
      8    2
      8    3
      8    4
      8    5
      8    6
      8    7
      8    8
      8    9
      8   10
      8   11
      8   12
      8   13
      8   14
      8   15
      8   16
      8   17
      8   18
      8   19
      8   20
      8   21
      8   22
      8   23
      8   24
      8   25
      8   26
      8   27
      8   28
      8   29
      8   30
      8   31
      9    1
      9    2
      9    3
      9    4
      9    5
      9    6
      9    7
      9    8
      9    9
      9   10
      9   11
      9   12
      9   13
      9   14
      9   15
      9   16
      9   17
      9   18
      9   19
      9   20
      9   21
      9   22
      9   23
      9   24
      9   25
      9   26
      9   27
      9   28
      9   29
      9   30
     10    1
     10    2
     10    3
     10    4
     10    5
     10    6
     10    7
     10    8
     10    9
     10   10
     10   11
     10   12
     10   13
     10   14
     10   15
     10   16
     10   17
     10   18
     10   19
     10   20
     10   21
     10   22
     10   23
     10   24
     10   25
     10   26
     10   27
     10   28
     10   29
     10   30
     10   31
     11    1
     11    2
     11    3
     11    4
     11    5
     11    6
     11    7
     11    8
     11    9
     11   10
     11   11
     11   12    08h00-B-200.0
     11   13
     11   14
     11   15
     11   16
     11   17
     11   18    08h00-E
     11   19    08h00-B-200.0
     11   20
     11   21
     11   22
     11   23
     11   24
     11   25    08h00-E
     11   26
     11   27    08h00-B-200.0
     11   28
     11   29
     11   30
     12    1
     12    2    08h00-E
     12    3    08h00-B-200.0
     12    4
     12    5
     12    6
     12    7
     12    8
     12    9    08h00-E
     12   10    08h00-B-200.0
     12   11
     12   12
     12   13
     12   14
     12   15
     12   16
     12   17
     12   18
     12   19
     12   20    08h00-E
     12   21
     12   22
     12   23
     12   24
     12   25
     12   26
     12   27
     12   28
     12   29
     12   30
     12   31
