# label           BO-Fam:MA-QD
# harmonics       1 5 9 13
# main_harmonic   1 normal
# units           Ampere T T
#
-115.0    -5.0574e-01  +0.0000e+00  +2.5138e+04  +0.0000e+00  -6.9482e+10  +0.0000e+00  -7.6084e+14  +0.0000e+00
-5.75     -2.5286e-02  +0.0000e+00  +1.2572e+03  +0.0000e+00  -3.4804e+09  +0.0000e+00  -9.8680e+12  +0.0000e+00
+0.00     +0.0000e+00  +0.0000e+00  +0.0000e+00  +0.0000e+00  +0.0000e+00  +0.0000e+00  +0.0000e+00  +0.0000e+00
+5.75     +2.5286e-02  +0.0000e+00  -1.2572e+03  +0.0000e+00  +3.4804e+09  +0.0000e+00  +9.8680e+12  +0.0000e+00
+115.0    +5.0574e-01  +0.0000e+00  -2.5138e+04  +0.0000e+00  +6.9482e+10  +0.0000e+00  +7.6084e+14  +0.0000e+00
